63
63
63
63
53
63
63
60
60
67
65
65
67
60
64
62
64
68
60
60
60
60
63
62
60
62
61
60
64
53
53
54
53
53
53
53
53
53
54
64
63
64
64
64
63
64
64
64
64
64
54
62
60
63
60
60
60
64
60
62
62
60
54
50
55
55
56
53
52
53
53
53
53
63
63
53
53
53
53
63
63
53
53
53
53
53
53
53
53
53
63
63
53
53
53
53
53
53
53
53
53
53
53
53
53
53
53
53
53
60
60
60
51
54
73
78
72
62
52
53
53
53
53
62
63
63
61
62
53
53
52
51
52
53
53
53
52
53
53
53
53
53
53
52
53
52
53
53
63
63
61
62
61
52
52
62
51
51
51
54
57
50
47
49
38
51
51
51
51
51
51
51
61
51
61
50
51
61
61
51
51
61
51
50
61
60
60
60
52
53
52
52
46
50
64
51
60
69
69
53
53
53
52
52
60
63
53
63
53
53
63
53
53
53
53
53
53
53
63
63
53
53
53
53
53
53
53
53
53
53
53
52
53
52
52
53
53
53
52
52
53
53
52
52
53
52
52
52
52
53
53
52
52
52
52
52
52
53
52
52
52
52
52
52
52
52
53
53
52
52
52
53
52
52
52
52
52
52
52
52
52
52
52
74
54
55
53
52
53
52
44
50
50
51
50
51
